receptor = hCAR1.pdbqt

center_x = 3.34292
center_y = -0.84377
center_z = 20.4985

size_x = 28.0359
size_y = 19.7306
size_z = 24.5844

num_modes = 10
energy_range = 4