receptor = hCAR1.pdbqt

center_x = 4.16766
center_y = -0.921652
center_z = 17.8386

size_x = 47.1888
size_y = 32.71
size_z = 52.2131

num_modes = 10
energy_range = 4